
---------------------------

 Q table of problem 7
[[ 0.000  0.000  0.000  0.000]
 [-0.002 -0.001  0.007  0.000]
 [ 0.004  0.008  0.030  0.002]
 [ 0.019  0.016  0.038  0.026]
 [ 0.045  0.016  0.007  0.004]
 [ 0.000  0.000  0.000  0.000]
 [ 0.082  0.079  0.140  0.084]
 [ 0.145  0.101  0.096  0.095]
 [-0.000  0.012  0.000  0.000]
 [ 0.003  0.017  0.003  0.003]
 [ 0.004  0.008  0.027  0.012]
 [ 0.011  0.022  0.022  0.042]
 [ 0.030  0.060  0.025  0.043]
 [ 0.024  0.092  0.026  0.019]
 [ 0.114  0.090  0.161  0.109]
 [ 0.098  0.185  0.100  0.119]
 [ 0.002  0.012  0.004  0.004]
 [ 0.003  0.006  0.002  0.015]
 [ 0.018 -0.000 -0.001  0.004]
 [ 0.000  0.000  0.000  0.000]
 [ 0.018  0.022  0.075  0.016]
 [ 0.020  0.046  0.040  0.120]
 [ 0.116  0.106  0.191  0.116]
 [ 0.151  0.229  0.150  0.135]
 [ 0.008  0.001  0.003  0.001]
 [ 0.000  0.001  0.000  0.008]
 [ 0.002  0.002  0.012  0.004]
 [ 0.001  0.009 -0.003  0.003]
 [ 0.050  0.008  0.026  0.022]
 [ 0.000  0.000  0.000  0.000]
 [ 0.106  0.085  0.229  0.088]
 [ 0.157  0.248  0.184  0.166]
 [ 0.005  0.001  0.001  0.001]
 [-0.001 -0.003 -0.002  0.005]
 [-0.005 -0.005 -0.005  0.001]
 [ 0.000  0.000  0.000  0.000]
 [ 0.017  0.010  0.067  0.026]
 [ 0.059  0.144  0.060  0.068]
 [ 0.103  0.079  0.136  0.257]
 [ 0.230  0.299  0.376  0.206]
 [ 0.004 -0.002 -0.001  0.001]
 [ 0.000  0.000  0.000  0.000]
 [ 0.000  0.000  0.000  0.000]
 [-0.003 -0.001 -0.003  0.005]
 [ 0.020  0.021  0.019  0.066]
 [ 0.127  0.042  0.055  0.043]
 [ 0.000  0.000  0.000  0.000]
 [ 0.366  0.352  0.587  0.238]
 [ 0.002  0.000 -0.002 -0.002]
 [ 0.000  0.000  0.000  0.000]
 [-0.006 -0.004 -0.006 -0.007]
 [-0.004 -0.006 -0.004 -0.003]
 [ 0.000  0.000  0.000  0.000]
 [ 0.071  0.017  0.169  0.028]
 [ 0.000  0.000  0.000  0.000]
 [ 0.466  0.489  0.852  0.244]
 [ 0.002  0.000  0.000  0.000]
 [-0.001  0.001 -0.001 -0.001]
 [-0.000 -0.003 -0.003 -0.002]
 [ 0.000  0.000  0.000  0.000]
 [ 0.010  0.057  0.031  0.028]
 [ 0.016  0.229  0.427  0.175]
 [ 0.030  0.649  0.271  0.000]
 [ 0.000  0.000  0.000  0.000]]